1.700000000000000000e+02 5.700000000000000000e+01
1.630000000000000000e+02 3.200000000000000000e+01
1.510000000000000000e+02 2.100000000000000000e+01
1.330000000000000000e+02 3.300000000000000000e+01
1.180000000000000000e+02 4.600000000000000000e+01
9.900000000000000000e+01 6.000000000000000000e+01
8.100000000000000000e+01 7.200000000000000000e+01
6.500000000000000000e+01 8.300000000000000000e+01
4.800000000000000000e+01 9.600000000000000000e+01
3.300000000000000000e+01 1.070000000000000000e+02
1.900000000000000000e+01 1.190000000000000000e+02
1.500000000000000000e+01 1.360000000000000000e+02
1.900000000000000000e+01 1.590000000000000000e+02
3.000000000000000000e+01 1.740000000000000000e+02
4.400000000000000000e+01 1.760000000000000000e+02
6.000000000000000000e+01 1.780000000000000000e+02
7.200000000000000000e+01 1.780000000000000000e+02
8.600000000000000000e+01 1.780000000000000000e+02
9.900000000000000000e+01 1.770000000000000000e+02
1.140000000000000000e+02 1.720000000000000000e+02
1.240000000000000000e+02 1.670000000000000000e+02
1.330000000000000000e+02 1.500000000000000000e+02
1.360000000000000000e+02 1.380000000000000000e+02
1.400000000000000000e+02 1.230000000000000000e+02
1.490000000000000000e+02 1.130000000000000000e+02
1.600000000000000000e+02 9.700000000000000000e+01
1.660000000000000000e+02 8.400000000000000000e+01
1.690000000000000000e+02 7.100000000000000000e+01
