1.680000000000000000e+02 4.700000000000000000e+01 0.000000000000000000e+00
1.640000000000000000e+02 3.500000000000000000e+01 0.000000000000000000e+00
1.580000000000000000e+02 2.300000000000000000e+01 0.000000000000000000e+00
1.460000000000000000e+02 2.300000000000000000e+01 0.000000000000000000e+00
1.270000000000000000e+02 3.800000000000000000e+01 0.000000000000000000e+00
1.120000000000000000e+02 5.000000000000000000e+01 0.000000000000000000e+00
9.300000000000000000e+01 6.300000000000000000e+01 0.000000000000000000e+00
7.700000000000000000e+01 7.400000000000000000e+01 0.000000000000000000e+00
6.200000000000000000e+01 8.500000000000000000e+01 0.000000000000000000e+00
5.400000000000000000e+01 9.100000000000000000e+01 0.000000000000000000e+00
4.300000000000000000e+01 9.900000000000000000e+01 0.000000000000000000e+00
2.700000000000000000e+01 1.100000000000000000e+02 0.000000000000000000e+00
1.500000000000000000e+01 1.250000000000000000e+02 0.000000000000000000e+00
1.600000000000000000e+01 1.440000000000000000e+02 0.000000000000000000e+00
2.000000000000000000e+01 1.630000000000000000e+02 0.000000000000000000e+00
3.400000000000000000e+01 1.750000000000000000e+02 0.000000000000000000e+00
4.800000000000000000e+01 1.760000000000000000e+02 0.000000000000000000e+00
6.700000000000000000e+01 1.780000000000000000e+02 0.000000000000000000e+00
8.100000000000000000e+01 1.780000000000000000e+02 0.000000000000000000e+00
9.100000000000000000e+01 1.770000000000000000e+02 0.000000000000000000e+00
1.050000000000000000e+02 1.750000000000000000e+02 0.000000000000000000e+00
1.180000000000000000e+02 1.700000000000000000e+02 0.000000000000000000e+00
1.260000000000000000e+02 1.640000000000000000e+02 0.000000000000000000e+00
1.340000000000000000e+02 1.470000000000000000e+02 0.000000000000000000e+00
1.360000000000000000e+02 1.320000000000000000e+02 0.000000000000000000e+00
1.420000000000000000e+02 1.200000000000000000e+02 0.000000000000000000e+00
1.510000000000000000e+02 1.090000000000000000e+02 0.000000000000000000e+00
1.570000000000000000e+02 1.010000000000000000e+02 0.000000000000000000e+00
1.630000000000000000e+02 8.900000000000000000e+01 0.000000000000000000e+00
1.680000000000000000e+02 7.500000000000000000e+01 0.000000000000000000e+00
